10,17,1
 0. .0068 .0251 .0183  1. 1. .039  .5217 .336 .90
 0. .0076 .0315 .0239  2. 1. .121  .5219 .400 .90
 0. .0109 .0574 .0465  3. 1. .193  .7787 .508 .92
 0. .0106 .0377 .0271  4. 1. .158  .6693 .435 .92
 0. .0079 .0256 .0177  5. 1. .187  .5194 .315 .93
 0. .0081 .0286 .0205  6. 1. .206  .6839 .475 .96
 0. .0085 .0336 .0251  7. 1. .214  .7059 .460 .94
 0. .0057 .0477 .0420  8. 1. .241 1.1967 .790 .91
 0. .0090 .0341 .0251  9. 1. .248  .6105 .359 .95
 0. .0056 .0326 .0270 10. 1. .280  .5926 .383 .97
 0. .0063 .0220 .0157 11. 1. .216  .9052 .594 .97
 0. .0046 .0163 .0117 12. 1. .283  .5646 .327 .96
 0. .0096 .0284 .0188 13. 1. .253  .7000 .456 .98
 0. .0038 .0195 .0157 14. 2. .173  .4831 .299 .99
 0. .0038 .0195 .0157 15. 2. .173  .4831 .299 .99
 0. .0038 .0195 .0157 16. 1. .173  .4831 .299 .96
 0. .0050 .0364 .0314 17. 1. .423  .7222 .299 .99
74. 1.640 
